$ANSIBLE_VAULT;1.1;AES256
30353961313434383934383961623363333762356565373161376239623963663338373830343432
3961623064333530376663653366366632666538636332640a656462613832623439343265623266
31323831376338646665363330343133613663386634343336633762623564643937303735313362
3538343265633962640a636233643437613738656665656334653536383562336338386330346439
63626431653434346133613636323135646361326165313439623936346362323263373335396337
66326661316634623534356662613232336135373964343635373533336665343936613636396362
64373136343732663266616364373034353631373666326437373764363463313361633331613132
37386632363139636538323930323163626463653766306639646265616464323031333630383763
33383730663834616330633964616230623839346538623035663338323130636432663531636631
35643866626130316162613766363331636566653662663730323533653861313332383337383234
34376435353331663566636264383265653263303633333038353330363432323031366163653132
65306665323131303561613432373566343766646430306130353834313337666336366635303362
34343536396232643032383135373562636263373966323631393934366434373666626362336136
34373832366531346662646437393061323261656138363261313639376266346235376534643630
62303538663264376562373930666338303162393635633763623934336231396330393138306630
39646163383030306130636236353933313633356435336663323437633438393534313636313265
37353435653538343561316431393938623730336463626633646562636135393637343432313034
64636538303137653133376530343335623630306335623838356639376331643361643836346235
35373439306239373665373865623938326234386664386463623037306439653864643937363037
65376131386234346564663363346532616464623134373530646365663562323736323237646331
38663131333965336239333433633562393732623831313861653631623233656666323965363631
64633464633534386238376335376361323535626466333335346266376137306161666534336534
333262646466343661633030323333373561
